 # Columna 1: E_por_espin | Columna 2: M_por_espin
 -0.96760000000000002       0.72219999999999995     
 -0.87839999999999996       0.63439999999999996     
 -0.95440000000000003       0.69840000000000002     
 -0.91200000000000003       0.70160000000000000     
 -0.97880000000000000       0.74419999999999997     
 -0.98919999999999997       0.73580000000000001     
 -0.96599999999999997       0.70940000000000003     
 -0.96440000000000003       0.72919999999999996     
 -0.92959999999999998       0.58860000000000001     
 -0.90039999999999998       0.51019999999999999     
 -0.92159999999999997       0.56340000000000001     
 -0.91120000000000001       0.51259999999999994     
 -0.99199999999999999       0.62639999999999996     
 -0.91080000000000005       0.54740000000000000     
 -0.85680000000000001       0.43480000000000002     
 -0.85919999999999996       0.49140000000000000     
 -0.83160000000000001       0.26619999999999999     
 -0.89039999999999997       0.39219999999999999     
 -0.88759999999999994       0.47639999999999999     
 -0.88360000000000005       0.50539999999999996     
 -0.92359999999999998       0.45839999999999997     
 -0.91039999999999999       0.48699999999999999     
 -0.94399999999999995       0.50119999999999998     
 -0.88280000000000003       0.47099999999999997     
 -0.83199999999999996       0.42599999999999999     
 -0.89280000000000004       0.42899999999999999     
 -0.87880000000000003       0.33939999999999998     
 -0.91639999999999999       0.50219999999999998     
 -0.86199999999999999       0.40679999999999999     
 -0.91400000000000003       0.41180000000000000     
 -0.86599999999999999       0.37259999999999999     
 -0.87280000000000002       0.26440000000000002     
 -0.87080000000000002       0.37240000000000001     
 -0.90600000000000003       0.36820000000000003     
 -0.86719999999999997       0.42099999999999999     
 -0.86919999999999997       0.45679999999999998     
 -0.89959999999999996       0.48280000000000001     
 -0.92920000000000003       0.44760000000000000     
 -0.90639999999999998       0.44979999999999998     
 -0.92159999999999997       0.57560000000000000     
 -0.94520000000000004       0.61539999999999995     
 -0.92359999999999998       0.54479999999999995     
 -0.87719999999999998       0.50319999999999998     
 -0.90720000000000001       0.48139999999999999     
 -0.92040000000000000       0.51000000000000001     
 -0.93959999999999999       0.62660000000000005     
 -0.93559999999999999       0.66279999999999994     
 -0.97040000000000004       0.72660000000000002     
 -0.95079999999999998       0.70699999999999996     
 -0.98519999999999996       0.72319999999999995     
 -0.95240000000000002       0.72840000000000005     
 -0.90800000000000003       0.61939999999999995     
 -0.90080000000000005       0.51759999999999995     
 -0.92600000000000005       0.57799999999999996     
 -0.88600000000000001       0.55000000000000004     
 -0.92040000000000000       0.67240000000000000     
 -0.91600000000000004       0.65300000000000002     
 -0.93079999999999996       0.67200000000000004     
 -0.94399999999999995       0.68979999999999997     
 -0.94560000000000000       0.67820000000000003     
 -0.93079999999999996       0.67500000000000004     
 -0.96199999999999997       0.65900000000000003     
 -0.94320000000000004       0.62780000000000002     
 -0.94599999999999995       0.66220000000000001     
 -0.91879999999999995       0.66439999999999999     
 -0.89720000000000000       0.63619999999999999     
 -0.85280000000000000       0.52220000000000000     
 -0.86560000000000004       0.46899999999999997     
 -0.86799999999999999       0.45679999999999998     
 -0.90680000000000005       0.39479999999999998     
 -0.83840000000000003       0.23080000000000001     
 -0.85560000000000003       0.29039999999999999     
 -0.88639999999999997       0.33000000000000002     
 -0.86040000000000005       0.23240000000000000     
 -0.88039999999999996       0.17260000000000000     
 -0.87360000000000004       0.16880000000000001     
 -0.88360000000000005       0.10940000000000000     
 -0.87519999999999998        2.0199999999999999E-002
 -0.88880000000000003       -1.2000000000000000E-002
 -0.90520000000000000      -0.14019999999999999     
 -0.85280000000000000      -0.18640000000000001     
 -0.87680000000000002      -0.28299999999999997     
 -0.86360000000000003      -0.24540000000000001     
 -0.95840000000000003      -0.46860000000000002     
 -0.91359999999999997      -0.40000000000000002     
 -0.85560000000000003      -0.38979999999999998     
 -0.90520000000000000      -0.44979999999999998     
 -0.88800000000000001      -0.47420000000000001     
 -0.89119999999999999      -0.53400000000000003     
 -0.85399999999999998      -0.47899999999999998     
 -0.94960000000000000      -0.59260000000000002     
 -0.87800000000000000      -0.55879999999999996     
 -0.93359999999999999      -0.61219999999999997     
 -0.89759999999999995      -0.51000000000000001     
 -0.84960000000000002      -0.52000000000000002     
 -0.85680000000000001      -0.48620000000000002     
 -0.88119999999999998      -0.57799999999999996     
  -1.0000000000000000      -0.74660000000000004     
 -0.96599999999999997      -0.74180000000000001     
 -0.92479999999999996      -0.70660000000000001     
 -0.99239999999999995      -0.73919999999999997     
 -0.95440000000000003      -0.69860000000000000     
 -0.95879999999999999      -0.66879999999999995     
 -0.94279999999999997      -0.67600000000000005     
 -0.94320000000000004      -0.72880000000000000     
 -0.93279999999999996      -0.64219999999999999     
 -0.92640000000000000      -0.63439999999999996     
 -0.86680000000000001      -0.47080000000000000     
 -0.94640000000000002      -0.49040000000000000     
 -0.87280000000000002      -0.41299999999999998     
 -0.88919999999999999      -0.34039999999999998     
 -0.90200000000000002      -0.39560000000000001     
 -0.88759999999999994      -0.30719999999999997     
 -0.86719999999999997      -0.41639999999999999     
 -0.92279999999999995      -0.56540000000000001     
 -0.93240000000000001      -0.62339999999999995     
 -0.91879999999999995      -0.56899999999999995     
 -0.93999999999999995      -0.59640000000000004     
 -0.86680000000000001      -0.59340000000000004     
 -0.87039999999999995      -0.62660000000000005     
 -0.89480000000000004      -0.62880000000000003     
 -0.92279999999999995      -0.62560000000000004     
 -0.93400000000000005      -0.63039999999999996     
 -0.94679999999999997      -0.69199999999999995     
 -0.96560000000000001      -0.72980000000000000     
 -0.99039999999999995      -0.76039999999999996     
 -0.97919999999999996      -0.73619999999999997     
 -0.97760000000000002      -0.74060000000000004     
  -1.0184000000000000      -0.76419999999999999     
 -0.94599999999999995      -0.70399999999999996     
 -0.96279999999999999      -0.70340000000000003     
 -0.91520000000000001      -0.63580000000000003     
 -0.90000000000000002      -0.59899999999999998     
 -0.91159999999999997      -0.62060000000000004     
 -0.96519999999999995      -0.71540000000000004     
 -0.92320000000000002      -0.68899999999999995     
 -0.94999999999999996      -0.70740000000000003     
 -0.95960000000000001      -0.68220000000000003     
 -0.94840000000000002      -0.66959999999999997     
  -1.0287999999999999      -0.73399999999999999     
 -0.96040000000000003      -0.72040000000000004     
 -0.96199999999999997      -0.72799999999999998     
 -0.94079999999999997      -0.69699999999999995     
 -0.93679999999999997      -0.63160000000000005     
 -0.87639999999999996      -0.57940000000000003     
 -0.91359999999999997      -0.61119999999999997     
 -0.91920000000000002      -0.60580000000000001     
 -0.90439999999999998      -0.56240000000000001     
 -0.88759999999999994      -0.55659999999999998     
 -0.95720000000000005      -0.63100000000000001     
 -0.91080000000000005      -0.64839999999999998     
 -0.91279999999999994      -0.61960000000000004     
 -0.92800000000000005      -0.67220000000000002     
 -0.90280000000000005      -0.65080000000000005     
 -0.94560000000000000      -0.71879999999999999     
 -0.93759999999999999      -0.68999999999999995     
 -0.89680000000000004      -0.63080000000000003     
 -0.91879999999999995      -0.66279999999999994     
 -0.91920000000000002      -0.66900000000000004     
 -0.94560000000000000      -0.70540000000000003     
 -0.89080000000000004      -0.65039999999999998     
 -0.88560000000000005      -0.63500000000000001     
 -0.97480000000000000      -0.67420000000000002     
 -0.91039999999999999      -0.65320000000000000     
 -0.92840000000000000      -0.65359999999999996     
 -0.90439999999999998      -0.60940000000000005     
 -0.91479999999999995      -0.63859999999999995     
 -0.93159999999999998      -0.71819999999999995     
 -0.91479999999999995      -0.66520000000000001     
 -0.93920000000000003      -0.66300000000000003     
 -0.97240000000000004      -0.74139999999999995     
 -0.98480000000000001      -0.73719999999999997     
 -0.95079999999999998      -0.71460000000000001     
 -0.94120000000000004      -0.71819999999999995     
 -0.95320000000000005      -0.71419999999999995     
 -0.91039999999999999      -0.63680000000000003     
 -0.96399999999999997      -0.66479999999999995     
 -0.95799999999999996      -0.68220000000000003     
 -0.90759999999999996      -0.61619999999999997     
 -0.91600000000000004      -0.60960000000000003     
 -0.85160000000000002      -0.52220000000000000     
 -0.92840000000000000      -0.59799999999999998     
 -0.93400000000000005      -0.67679999999999996     
 -0.92040000000000000      -0.65159999999999996     
 -0.91439999999999999      -0.67059999999999997     
 -0.94240000000000002      -0.68640000000000001     
 -0.94999999999999996      -0.61419999999999997     
 -0.89119999999999999      -0.50900000000000001     
 -0.89400000000000002      -0.51119999999999999     
 -0.90280000000000005      -0.53180000000000005     
 -0.89359999999999995      -0.56220000000000003     
 -0.92759999999999998      -0.64300000000000002     
 -0.92159999999999997      -0.67659999999999998     
 -0.95599999999999996      -0.69299999999999995     
 -0.89439999999999997      -0.64820000000000000     
 -0.89959999999999996      -0.58060000000000000     
 -0.89439999999999997      -0.66359999999999997     
 -0.97360000000000002      -0.75100000000000000     
 -0.96599999999999997      -0.74180000000000001     
 -0.99399999999999999      -0.76380000000000003     
 -0.92840000000000000      -0.65980000000000005     
 -0.94679999999999997      -0.70960000000000001     
 -0.91039999999999999      -0.66259999999999997     
 -0.89639999999999997      -0.62880000000000003     
 -0.99439999999999995      -0.59379999999999999     
 -0.90000000000000002      -0.60199999999999998     
 -0.98999999999999999      -0.71499999999999997     
 -0.94199999999999995      -0.71860000000000002     
 -0.91320000000000001      -0.63460000000000005     
 -0.95079999999999998      -0.67859999999999998     
 -0.93720000000000003      -0.63200000000000001     
 -0.93679999999999997      -0.64620000000000000     
 -0.92079999999999995      -0.65600000000000003     
 -0.93240000000000001      -0.68159999999999998     
 -0.94320000000000004      -0.72040000000000004     
 -0.91759999999999997      -0.68140000000000001     
 -0.98960000000000004      -0.73919999999999997     
 -0.97719999999999996      -0.74399999999999999     
 -0.88880000000000003      -0.62280000000000002     
 -0.90039999999999998      -0.65820000000000001     
 -0.97199999999999998      -0.69179999999999997     
 -0.93720000000000003      -0.65320000000000000     
 -0.94679999999999997      -0.60580000000000001     
 -0.97399999999999998      -0.70560000000000000     
 -0.93440000000000001      -0.70179999999999998     
 -0.93479999999999996      -0.67759999999999998     
 -0.93120000000000003      -0.69579999999999997     
 -0.93759999999999999      -0.66120000000000001     
  -1.0207999999999999      -0.75519999999999998     
 -0.93279999999999996      -0.70640000000000003     
 -0.91320000000000001      -0.70020000000000004     
 -0.91400000000000003      -0.65820000000000001     
 -0.96679999999999999      -0.66100000000000003     
 -0.92040000000000000      -0.69220000000000004     
 -0.93879999999999997      -0.69179999999999997     
 -0.93679999999999997      -0.71360000000000001     
 -0.93240000000000001      -0.67359999999999998     
 -0.95079999999999998      -0.68720000000000003     
 -0.96199999999999997      -0.71199999999999997     
 -0.88680000000000003      -0.62119999999999997     
 -0.95040000000000002      -0.66039999999999999     
 -0.93879999999999997      -0.69259999999999999     
 -0.95799999999999996      -0.70879999999999999     
 -0.92040000000000000      -0.65920000000000001     
 -0.92159999999999997      -0.68479999999999996     
 -0.92240000000000000      -0.63280000000000003     
 -0.91520000000000001      -0.58720000000000006     
 -0.90159999999999996      -0.54159999999999997     
 -0.93000000000000005      -0.59660000000000002     
 -0.93120000000000003      -0.60840000000000005     
 -0.93759999999999999      -0.66020000000000001     
 -0.92920000000000003      -0.70679999999999998     
  -1.0024000000000000      -0.76319999999999999     
 -0.94359999999999999      -0.73099999999999998     
 -0.87119999999999997      -0.60260000000000002     
 -0.87560000000000004      -0.59960000000000002     
 -0.91639999999999999      -0.61480000000000001     
 -0.89439999999999997      -0.57179999999999997     
 -0.94320000000000004      -0.57079999999999997     
 -0.93279999999999996      -0.58679999999999999     
 -0.87760000000000005      -0.52659999999999996     
 -0.91679999999999995      -0.65200000000000002     
 -0.91639999999999999      -0.63859999999999995     
 -0.88519999999999999      -0.57740000000000002     
 -0.93279999999999996      -0.60180000000000000     
 -0.93200000000000005      -0.65739999999999998     
 -0.91320000000000001      -0.61219999999999997     
 -0.97599999999999998      -0.66400000000000003     
 -0.92440000000000000      -0.54300000000000004     
 -0.91479999999999995      -0.61739999999999995     
 -0.93000000000000005      -0.70460000000000000     
 -0.93240000000000001      -0.69599999999999995     
 -0.93079999999999996      -0.69359999999999999     
 -0.91439999999999999      -0.61960000000000004     
 -0.92559999999999998      -0.70879999999999999     
 -0.91600000000000004      -0.63000000000000000     
 -0.94879999999999998      -0.70640000000000003     
 -0.89920000000000000      -0.64859999999999995     
 -0.92159999999999997      -0.68479999999999996     
 -0.95599999999999996      -0.66039999999999999     
 -0.95720000000000005      -0.71279999999999999     
 -0.91400000000000003      -0.62539999999999996     
 -0.85960000000000003      -0.52439999999999998     
 -0.88280000000000003      -0.54640000000000000     
 -0.83479999999999999      -0.41480000000000000     
 -0.90159999999999996      -0.40960000000000002     
 -0.91920000000000002      -0.42459999999999998     
 -0.90759999999999996      -0.38100000000000001     
 -0.86480000000000001      -0.30020000000000002     
 -0.90400000000000003      -0.43180000000000002     
 -0.88519999999999999      -0.48720000000000002     
 -0.86719999999999997      -0.50760000000000005     
 -0.92000000000000004      -0.57599999999999996     
 -0.89720000000000000      -0.63319999999999999     
 -0.91479999999999995      -0.66559999999999997     
 -0.92840000000000000      -0.63119999999999998     
 -0.95279999999999998      -0.64339999999999997     
 -0.92759999999999998      -0.68979999999999997     
 -0.93279999999999996      -0.69740000000000002     
 -0.95640000000000003      -0.72380000000000000     
 -0.93920000000000003      -0.68620000000000003     
 -0.94599999999999995      -0.63539999999999996     
 -0.97880000000000000      -0.70340000000000003     
 -0.92520000000000002      -0.65500000000000003     
 -0.92640000000000000      -0.67740000000000000     
 -0.96760000000000002      -0.68200000000000005     
 -0.93400000000000005      -0.65259999999999996     
 -0.89759999999999995      -0.68159999999999998     
 -0.89119999999999999      -0.66420000000000001     
 -0.98199999999999998      -0.73599999999999999     
 -0.91320000000000001      -0.68440000000000001     
 -0.93759999999999999      -0.69679999999999997     
 -0.94399999999999995      -0.67479999999999996     
 -0.92640000000000000      -0.60380000000000000     
 -0.93400000000000005      -0.68320000000000003     
 -0.90159999999999996      -0.67600000000000005     
  -1.0000000000000000      -0.72119999999999995     
 -0.96319999999999995      -0.72940000000000005     
 -0.95479999999999998      -0.70760000000000001     
 -0.92920000000000003      -0.69020000000000004     
 -0.91279999999999994      -0.68899999999999995     
 -0.93359999999999999      -0.70640000000000003     
 -0.91159999999999997      -0.65459999999999996     
 -0.93040000000000000      -0.64239999999999997     
 -0.89720000000000000      -0.59040000000000004     
 -0.95360000000000000      -0.62319999999999998     
 -0.92600000000000005      -0.64780000000000004     
 -0.92240000000000000      -0.65459999999999996     
 -0.97680000000000000      -0.73260000000000003     
 -0.92759999999999998      -0.68899999999999995     
 -0.92720000000000002      -0.66080000000000005     
 -0.90039999999999998      -0.62460000000000004     
 -0.92559999999999998      -0.71579999999999999     
 -0.93640000000000001      -0.66920000000000002     
 -0.97560000000000002      -0.74480000000000002     
 -0.98080000000000001      -0.68320000000000003     
 -0.95360000000000000      -0.67000000000000004     
 -0.94279999999999997      -0.67600000000000005     
 -0.86199999999999999      -0.59179999999999999     
 -0.90959999999999996      -0.65680000000000005     
 -0.93720000000000003      -0.70979999999999999     
 -0.92240000000000000      -0.67979999999999996     
 -0.94599999999999995      -0.72740000000000005     
 -0.93999999999999995      -0.72760000000000002     
 -0.94840000000000002      -0.71079999999999999     
 -0.96079999999999999      -0.75419999999999998     
 -0.91479999999999995      -0.65700000000000003     
 -0.93359999999999999      -0.60799999999999998     
 -0.92600000000000005      -0.61439999999999995     
 -0.91439999999999999      -0.57679999999999998     
 -0.94240000000000002      -0.69699999999999995     
 -0.86880000000000002      -0.56699999999999995     
 -0.92359999999999998      -0.60699999999999998     
 -0.88880000000000003      -0.54179999999999995     
 -0.95279999999999998      -0.58199999999999996     
 -0.88160000000000005      -0.48920000000000002     
 -0.87639999999999996      -0.53439999999999999     
 -0.85280000000000000      -0.54640000000000000     
 -0.91279999999999994      -0.54940000000000000     
 -0.90320000000000000      -0.60499999999999998     
 -0.88919999999999999      -0.58440000000000003     
 -0.94840000000000002      -0.68779999999999997     
 -0.89680000000000004      -0.61960000000000004     
 -0.95160000000000000      -0.69099999999999995     
 -0.91200000000000003      -0.61360000000000003     
 -0.95879999999999999      -0.59580000000000000     
 -0.93640000000000001      -0.66600000000000004     
 -0.92040000000000000      -0.63280000000000003     
 -0.93640000000000001      -0.67179999999999995     
 -0.94120000000000004      -0.65020000000000000     
 -0.91439999999999999      -0.60880000000000001     
 -0.89639999999999997      -0.61539999999999995     
 -0.90839999999999999      -0.60519999999999996     
 -0.92159999999999997      -0.57399999999999995     
 -0.92320000000000002      -0.57060000000000000     
 -0.91559999999999997      -0.61260000000000003     
 -0.89880000000000004      -0.62839999999999996     
 -0.91679999999999995      -0.62260000000000004     
 -0.94079999999999997      -0.65980000000000005     
 -0.91759999999999997      -0.60140000000000005     
 -0.87319999999999998      -0.62100000000000000     
 -0.93079999999999996      -0.67479999999999996     
 -0.92640000000000000      -0.63360000000000005     
 -0.88919999999999999      -0.62300000000000000     
 -0.90039999999999998      -0.66639999999999999     
 -0.95799999999999996      -0.72780000000000000     
 -0.92520000000000002      -0.70620000000000005     
 -0.90920000000000001      -0.67559999999999998     
 -0.93920000000000003      -0.69120000000000004     
 -0.94679999999999997      -0.65280000000000005     
 -0.90520000000000000      -0.66900000000000004     
 -0.95760000000000001      -0.69059999999999999     
 -0.95679999999999998      -0.69960000000000000     
 -0.92000000000000004      -0.61919999999999997     
 -0.86960000000000004      -0.59340000000000004     
 -0.87000000000000000      -0.54339999999999999     
 -0.91039999999999999      -0.61160000000000003     
 -0.90759999999999996      -0.62480000000000002     
 -0.96319999999999995      -0.69799999999999995     
 -0.91200000000000003      -0.68879999999999997     
 -0.90000000000000002      -0.66039999999999999     
 -0.91320000000000001      -0.58179999999999998     
 -0.92720000000000002      -0.57640000000000002     
 -0.86240000000000006      -0.49880000000000002     
 -0.91559999999999997      -0.58620000000000005     
 -0.87960000000000005      -0.57699999999999996     
 -0.91600000000000004      -0.60740000000000005     
 -0.89720000000000000      -0.56179999999999997     
 -0.90039999999999998      -0.54600000000000004     
 -0.88039999999999996      -0.53620000000000001     
 -0.89239999999999997      -0.49880000000000002     
 -0.97319999999999995      -0.55279999999999996     
 -0.86839999999999995      -0.55920000000000003     
 -0.90800000000000003      -0.61140000000000005     
 -0.89400000000000002      -0.59119999999999995     
 -0.82960000000000000      -0.49619999999999997     
 -0.84199999999999997      -0.56559999999999999     
 -0.87319999999999998      -0.58699999999999997     
 -0.91839999999999999      -0.56179999999999997     
 -0.91479999999999995      -0.58799999999999997     
 -0.90959999999999996      -0.60340000000000005     
 -0.88039999999999996      -0.60880000000000001     
 -0.94199999999999995      -0.62419999999999998     
 -0.92640000000000000      -0.59219999999999995     
 -0.85640000000000005      -0.53600000000000003     
 -0.90320000000000000      -0.43919999999999998     
 -0.91839999999999999      -0.38500000000000001     
 -0.82279999999999998      -0.37419999999999998     
 -0.87600000000000000      -0.29859999999999998     
 -0.84440000000000004      -0.38260000000000000     
 -0.89800000000000002      -0.44779999999999998     
 -0.91279999999999994      -0.54579999999999995     
 -0.93400000000000005      -0.63300000000000001     
 -0.94079999999999997      -0.67659999999999998     
 -0.92759999999999998      -0.69599999999999995     
 -0.90080000000000005      -0.60819999999999996     
 -0.91039999999999999      -0.62519999999999998     
 -0.94279999999999997      -0.73780000000000001     
 -0.95599999999999996      -0.71980000000000000     
 -0.93120000000000003      -0.69760000000000000     
 -0.93679999999999997      -0.65500000000000003     
 -0.94120000000000004      -0.64600000000000002     
 -0.92159999999999997      -0.56299999999999994     
 -0.93600000000000005      -0.61860000000000004     
 -0.91479999999999995      -0.60099999999999998     
 -0.88800000000000001      -0.60240000000000005     
 -0.83160000000000001      -0.56799999999999995     
 -0.91159999999999997      -0.53820000000000001     
 -0.89480000000000004      -0.54220000000000002     
 -0.86639999999999995      -0.47399999999999998     
 -0.88880000000000003      -0.44240000000000002     
 -0.87880000000000003      -0.47939999999999999     
 -0.83520000000000005      -0.45679999999999998     
 -0.87119999999999997      -0.45700000000000002     
 -0.83199999999999996      -0.44619999999999999     
 -0.87960000000000005      -0.46239999999999998     
 -0.84279999999999999      -0.42259999999999998     
 -0.89720000000000000      -0.42440000000000000     
 -0.89880000000000004      -0.47560000000000002     
 -0.88360000000000005      -0.45739999999999997     
 -0.86799999999999999      -0.43859999999999999     
 -0.92879999999999996      -0.48480000000000001     
 -0.88839999999999997      -0.43600000000000000     
 -0.86399999999999999      -0.38319999999999999     
 -0.93679999999999997      -0.50360000000000005     
 -0.91400000000000003      -0.51419999999999999     
 -0.89319999999999999      -0.45600000000000002     
 -0.89319999999999999      -0.41739999999999999     
 -0.94040000000000001      -0.51559999999999995     
 -0.83040000000000003      -0.42920000000000003     
 -0.88600000000000001      -0.42759999999999998     
 -0.87680000000000002      -0.40679999999999999     
 -0.86080000000000001      -0.39520000000000000     
 -0.82720000000000005      -0.28739999999999999     
 -0.88719999999999999      -0.31719999999999998     
 -0.86480000000000001      -0.34939999999999999     
 -0.92240000000000000      -0.50380000000000003     
 -0.91959999999999997      -0.49940000000000001     
 -0.95199999999999996      -0.55300000000000005     
 -0.92920000000000003      -0.59019999999999995     
 -0.93520000000000003      -0.67179999999999995     
 -0.91559999999999997      -0.66439999999999999     
 -0.90320000000000000      -0.62560000000000004     
 -0.95799999999999996      -0.65580000000000005     
 -0.89600000000000002      -0.48899999999999999     
 -0.85599999999999998      -0.35560000000000003     
 -0.92400000000000004      -0.47860000000000003     
 -0.92000000000000004      -0.57140000000000002     
 -0.92440000000000000      -0.57460000000000000     
 -0.90439999999999998      -0.54940000000000000     
 -0.91239999999999999      -0.58620000000000005     
 -0.91439999999999999      -0.54420000000000002     
 -0.91279999999999994      -0.68320000000000003     
 -0.92840000000000000      -0.66859999999999997     
 -0.93720000000000003      -0.64339999999999997     
 -0.97999999999999998      -0.69040000000000001     
 -0.94720000000000004      -0.67759999999999998     
 -0.90120000000000000      -0.64659999999999995     
 -0.92000000000000004      -0.64219999999999999     
 -0.93600000000000005      -0.57640000000000002     
 -0.88480000000000003      -0.49700000000000000     
 -0.89600000000000002      -0.53800000000000003     
 -0.91479999999999995      -0.47860000000000003     
 -0.90480000000000005      -0.45400000000000001     
 -0.89280000000000004      -0.42440000000000000     
 -0.90239999999999998      -0.45040000000000002     
 -0.89239999999999997      -0.36520000000000002     
 -0.88439999999999996      -0.44879999999999998     
 -0.88480000000000003      -0.48899999999999999     
 -0.91639999999999999      -0.59460000000000002     
 -0.94399999999999995      -0.57399999999999995     
 -0.92120000000000002      -0.62400000000000000     
 -0.93120000000000003      -0.72240000000000004     
 -0.92040000000000000      -0.65239999999999998     
 -0.89759999999999995      -0.68179999999999996     
 -0.89280000000000004      -0.62760000000000005     
 -0.89800000000000002      -0.63039999999999996     
 -0.92240000000000000      -0.67079999999999995     
 -0.99880000000000002      -0.71740000000000004     
 -0.96840000000000004      -0.72480000000000000     
 -0.96160000000000001      -0.69420000000000004     
 -0.99319999999999997      -0.69840000000000002     
 -0.89319999999999999      -0.62339999999999995     
 -0.96599999999999997      -0.69359999999999999     
  -1.0196000000000001      -0.76219999999999999     
 -0.94999999999999996      -0.75319999999999998     
 -0.95999999999999996      -0.69420000000000004     
 -0.93999999999999995      -0.71140000000000003     
 -0.91879999999999995      -0.63959999999999995     
 -0.93120000000000003      -0.64339999999999997     
 -0.90359999999999996      -0.63139999999999996     
 -0.94840000000000002      -0.69899999999999995     
 -0.92720000000000002      -0.70579999999999998     
 -0.93600000000000005      -0.72019999999999995     
 -0.95599999999999996      -0.75119999999999998     
 -0.90800000000000003      -0.68379999999999996     
 -0.93320000000000003      -0.65380000000000005     
 -0.92600000000000005      -0.66300000000000003     
 -0.94120000000000004      -0.66479999999999995     
 -0.92800000000000005      -0.70340000000000003     
 -0.95320000000000005      -0.68259999999999998     
 -0.89839999999999998      -0.59999999999999998     
 -0.90039999999999998      -0.49459999999999998     
 -0.89359999999999995      -0.44940000000000002     
 -0.82920000000000005      -0.38519999999999999     
 -0.84999999999999998      -0.38940000000000002     
 -0.89600000000000002      -0.38460000000000000     
 -0.93159999999999998      -0.48120000000000002     
 -0.90559999999999996      -0.48720000000000002     
 -0.88680000000000003      -0.49159999999999998     
 -0.88519999999999999      -0.51680000000000004     
 -0.91559999999999997      -0.54320000000000002     
 -0.91080000000000005      -0.50939999999999996     
 -0.93479999999999996      -0.60960000000000003     
 -0.85519999999999996      -0.55379999999999996     
 -0.89480000000000004      -0.64459999999999995     
 -0.91279999999999994      -0.60680000000000001     
 -0.89759999999999995      -0.52620000000000000     
 -0.93400000000000005      -0.56240000000000001     
 -0.90800000000000003      -0.48899999999999999     
 -0.93120000000000003      -0.53480000000000005     
 -0.88759999999999994      -0.57960000000000000     
 -0.94760000000000000      -0.60799999999999998     
 -0.87919999999999998      -0.57699999999999996     
 -0.92159999999999997      -0.48480000000000001     
 -0.90359999999999996      -0.46239999999999998     
 -0.91039999999999999      -0.51400000000000001     
 -0.91159999999999997      -0.39319999999999999     
 -0.87280000000000002      -0.29080000000000000     
 -0.85919999999999996      -0.36299999999999999     
 -0.92920000000000003      -0.49780000000000002     
 -0.93679999999999997      -0.52780000000000005     
 -0.88319999999999999      -0.61919999999999997     
 -0.91120000000000001      -0.64219999999999999     
 -0.90200000000000002      -0.63719999999999999     
 -0.90639999999999998      -0.65139999999999998     
 -0.90720000000000001      -0.56940000000000002     
 -0.90080000000000005      -0.67179999999999995     
 -0.90720000000000001      -0.59980000000000000     
 -0.90280000000000005      -0.62360000000000004     
 -0.92840000000000000      -0.60480000000000000     
 -0.93799999999999994      -0.63660000000000005     
 -0.88519999999999999      -0.55240000000000000     
 -0.98360000000000003      -0.65080000000000005     
 -0.93159999999999998      -0.66459999999999997     
 -0.96519999999999995      -0.67220000000000002     
 -0.91720000000000002      -0.65120000000000000     
 -0.98519999999999996      -0.70799999999999996     
 -0.95760000000000001      -0.64059999999999995     
 -0.92279999999999995      -0.65400000000000003     
 -0.89480000000000004      -0.64700000000000002     
 -0.94879999999999998      -0.65239999999999998     
 -0.94399999999999995      -0.70099999999999996     
 -0.95479999999999998      -0.69499999999999995     
 -0.97080000000000000      -0.73880000000000001     
 -0.96560000000000001      -0.71040000000000003     
  -1.0180000000000000      -0.77520000000000000     
 -0.94320000000000004      -0.72580000000000000     
 -0.96319999999999995      -0.72780000000000000     
 -0.95679999999999998      -0.69359999999999999     
 -0.96960000000000002      -0.72960000000000003     
 -0.93120000000000003      -0.65500000000000003     
 -0.93559999999999999      -0.65000000000000002     
 -0.94120000000000004      -0.71340000000000003     
 -0.91920000000000002      -0.61860000000000004     
 -0.89720000000000000      -0.61619999999999997     
 -0.94199999999999995      -0.63419999999999999     
 -0.92640000000000000      -0.67540000000000000     
 -0.93479999999999996      -0.70660000000000001     
 -0.92320000000000002      -0.61839999999999995     
 -0.92320000000000002      -0.66520000000000001     
 -0.91600000000000004      -0.67920000000000003     
 -0.94359999999999999      -0.70260000000000000     
 -0.95560000000000000      -0.73699999999999999     
 -0.90000000000000002      -0.66000000000000003     
 -0.94640000000000002      -0.72160000000000002     
 -0.95199999999999996      -0.70099999999999996     
 -0.92240000000000000      -0.71719999999999995     
 -0.95279999999999998      -0.71279999999999999     
  -1.0400000000000000      -0.77480000000000004     
 -0.99800000000000000      -0.72140000000000004     
 -0.94920000000000004      -0.59399999999999997     
 -0.90320000000000000      -0.60619999999999996     
 -0.96279999999999999      -0.70979999999999999     
 -0.91159999999999997      -0.62260000000000004     
 -0.94359999999999999      -0.64339999999999997     
 -0.93559999999999999      -0.63400000000000001     
 -0.96040000000000003      -0.63080000000000003     
 -0.89880000000000004      -0.61040000000000005     
 -0.94879999999999998      -0.68779999999999997     
 -0.97199999999999998      -0.70440000000000003     
 -0.93279999999999996      -0.65200000000000002     
 -0.92759999999999998      -0.67800000000000005     
 -0.91479999999999995      -0.62219999999999998     
 -0.93200000000000005      -0.64800000000000002     
 -0.99199999999999999      -0.75280000000000002     
 -0.96799999999999997      -0.72580000000000000     
 -0.91679999999999995      -0.58579999999999999     
 -0.94199999999999995      -0.63859999999999995     
 -0.90600000000000003      -0.59960000000000002     
 -0.93679999999999997      -0.64380000000000004     
 -0.96399999999999997      -0.70660000000000001     
 -0.95560000000000000      -0.64559999999999995     
 -0.91920000000000002      -0.67700000000000005     
 -0.94999999999999996      -0.68259999999999998     
 -0.93359999999999999      -0.68000000000000005     
 -0.93200000000000005      -0.65900000000000003     
 -0.97360000000000002      -0.70520000000000005     
 -0.93240000000000001      -0.69599999999999995     
 -0.92959999999999998      -0.65839999999999999     
 -0.90080000000000005      -0.64659999999999995     
 -0.95079999999999998      -0.73999999999999999     
 -0.96120000000000005      -0.68279999999999996     
 -0.93120000000000003      -0.67459999999999998     
 -0.94240000000000002      -0.69340000000000002     
 -0.94359999999999999      -0.69040000000000001     
 -0.95120000000000005      -0.72380000000000000     
 -0.93600000000000005      -0.67259999999999998     
 -0.93400000000000005      -0.69599999999999995     
 -0.99600000000000000      -0.76180000000000003     
 -0.98280000000000001      -0.76439999999999997     
 -0.93840000000000001      -0.67879999999999996     
 -0.93040000000000000      -0.67200000000000004     
 -0.89639999999999997      -0.64280000000000004     
 -0.89959999999999996      -0.67459999999999998     
 -0.92600000000000005      -0.63600000000000001     
 -0.93159999999999998      -0.65780000000000005     
 -0.93559999999999999      -0.69840000000000002     
 -0.91400000000000003      -0.60899999999999999     
 -0.95240000000000002      -0.73060000000000003     
 -0.95640000000000003      -0.74180000000000001     
 -0.96519999999999995      -0.67079999999999995     
 -0.91239999999999999      -0.63780000000000003     
 -0.91600000000000004      -0.62600000000000000     
 -0.89239999999999997      -0.58840000000000003     
 -0.90200000000000002      -0.58379999999999999     
 -0.92240000000000000      -0.55159999999999998     
 -0.90320000000000000      -0.57420000000000004     
 -0.93959999999999999      -0.55359999999999998     
 -0.97360000000000002      -0.54339999999999999     
 -0.88919999999999999      -0.46200000000000002     
 -0.88519999999999999      -0.48840000000000000     
 -0.91600000000000004      -0.56840000000000002     
 -0.89520000000000000      -0.65120000000000000     
 -0.93600000000000005      -0.58060000000000000     
 -0.88160000000000005      -0.46400000000000002     
 -0.90400000000000003      -0.52339999999999998     
 -0.93159999999999998      -0.57479999999999998     
 -0.93879999999999997      -0.60319999999999996     
 -0.93440000000000001      -0.67820000000000003     
 -0.96919999999999995      -0.72960000000000003     
 -0.92159999999999997      -0.64659999999999995     
 -0.94640000000000002      -0.66220000000000001     
 -0.94799999999999995      -0.70220000000000005     
 -0.91520000000000001      -0.68700000000000006     
 -0.96279999999999999      -0.67440000000000000     
 -0.91400000000000003      -0.67100000000000004     
 -0.92079999999999995      -0.64419999999999999     
 -0.93120000000000003      -0.66100000000000003     
 -0.92479999999999996      -0.61480000000000001     
 -0.92520000000000002      -0.68679999999999997     
 -0.90759999999999996      -0.66959999999999997     
 -0.88919999999999999      -0.53000000000000003     
 -0.89720000000000000      -0.57599999999999996     
 -0.89959999999999996      -0.57999999999999996     
 -0.90520000000000000      -0.65320000000000000     
 -0.95440000000000003      -0.65920000000000001     
 -0.91879999999999995      -0.67300000000000004     
 -0.92279999999999995      -0.65420000000000000     
 -0.90159999999999996      -0.63280000000000003     
 -0.90920000000000001      -0.60919999999999996     
 -0.89559999999999995      -0.53939999999999999     
 -0.90839999999999999      -0.41880000000000001     
 -0.85719999999999996      -0.37340000000000001     
 -0.88560000000000005      -0.38579999999999998     
 -0.91800000000000004      -0.36499999999999999     
 -0.89480000000000004      -0.32640000000000002     
 -0.88080000000000003      -0.24279999999999999     
 -0.90839999999999999      -0.36120000000000002     
 -0.92359999999999998      -0.52000000000000002     
 -0.90159999999999996      -0.53520000000000001     
 -0.89920000000000000      -0.51900000000000002     
 -0.89720000000000000      -0.59480000000000000     
 -0.87039999999999995      -0.51859999999999995     
 -0.86040000000000005      -0.47280000000000000     
 -0.79239999999999999      -0.42280000000000001     
 -0.87080000000000002      -0.49680000000000002     
 -0.87039999999999995      -0.41120000000000001     
 -0.90880000000000005      -0.34980000000000000     
 -0.88480000000000003      -0.31180000000000002     
 -0.91159999999999997      -0.47180000000000000     
 -0.90880000000000005      -0.46839999999999998     
 -0.88360000000000005      -0.39800000000000002     
 -0.84680000000000000      -0.43540000000000001     
 -0.95520000000000005      -0.59560000000000002     
 -0.90800000000000003      -0.57199999999999995     
 -0.91839999999999999      -0.56079999999999997     
 -0.92400000000000004      -0.58060000000000000     
 -0.89119999999999999      -0.55700000000000005     
 -0.87480000000000002      -0.51900000000000002     
 -0.90839999999999999      -0.59660000000000002     
 -0.91320000000000001      -0.62419999999999998     
 -0.91839999999999999      -0.61140000000000005     
 -0.89480000000000004      -0.53539999999999999     
 -0.88239999999999996      -0.48940000000000000     
 -0.92240000000000000      -0.57899999999999996     
 -0.93959999999999999      -0.63200000000000001     
 -0.88439999999999996      -0.60440000000000005     
 -0.84360000000000002      -0.47560000000000002     
 -0.90000000000000002      -0.54600000000000004     
 -0.86760000000000004      -0.45720000000000000     
 -0.88600000000000001      -0.62639999999999996     
 -0.96440000000000003      -0.67179999999999995     
 -0.91279999999999994      -0.62139999999999995     
 -0.92320000000000002      -0.66620000000000001     
 -0.92520000000000002      -0.68220000000000003     
 -0.98319999999999996      -0.73260000000000003     
 -0.95160000000000000      -0.69179999999999997     
 -0.93359999999999999      -0.64300000000000002     
 -0.85599999999999998      -0.52820000000000000     
 -0.89880000000000004      -0.51939999999999997     
 -0.91559999999999997      -0.58479999999999999     
 -0.91320000000000001      -0.52220000000000000     
 -0.94679999999999997      -0.44979999999999998     
 -0.82720000000000005      -0.25000000000000000     
 -0.89839999999999998      -0.46260000000000001     
 -0.91239999999999999      -0.41660000000000003     
 -0.88680000000000003      -0.45879999999999999     
 -0.88119999999999998      -0.55820000000000003     
 -0.90239999999999998      -0.62560000000000004     
 -0.91559999999999997      -0.61839999999999995     
 -0.92479999999999996      -0.67320000000000002     
 -0.96799999999999997      -0.70960000000000001     
 -0.94399999999999995      -0.71779999999999999     
 -0.95079999999999998      -0.71940000000000004     
 -0.93400000000000005      -0.69699999999999995     
 -0.94520000000000004      -0.71199999999999997     
 -0.96999999999999997      -0.62819999999999998     
 -0.92279999999999995      -0.61380000000000001     
 -0.88839999999999997      -0.59419999999999995     
  -1.0024000000000000      -0.76880000000000004     
 -0.92440000000000000      -0.66839999999999999     
 -0.92200000000000004      -0.57999999999999996     
 -0.91200000000000003      -0.61899999999999999     
 -0.96240000000000003      -0.63959999999999995     
 -0.94440000000000002      -0.63439999999999996     
 -0.91559999999999997      -0.60719999999999996     
 -0.90439999999999998      -0.54459999999999997     
 -0.88839999999999997      -0.48920000000000002     
 -0.84840000000000004      -0.45900000000000002     
 -0.91400000000000003      -0.50119999999999998     
 -0.88759999999999994      -0.45000000000000001     
 -0.84919999999999995      -0.39140000000000003     
 -0.87319999999999998      -0.41499999999999998     
 -0.88919999999999999      -0.35180000000000000     
 -0.84960000000000002      -0.36240000000000000     
 -0.87360000000000004      -0.31519999999999998     
 -0.85160000000000002      -0.23160000000000000     
 -0.85680000000000001      -0.27800000000000002     
 -0.92479999999999996      -0.31800000000000000     
 -0.88719999999999999      -0.39520000000000000     
 -0.83919999999999995      -0.37919999999999998     
 -0.89319999999999999      -0.48060000000000003     
 -0.88480000000000003      -0.55320000000000003     
 -0.91200000000000003      -0.55700000000000005     
 -0.88400000000000001      -0.50800000000000001     
 -0.89319999999999999      -0.56120000000000003     
 -0.91279999999999994      -0.58040000000000003     
 -0.94799999999999995      -0.63339999999999996     
 -0.90559999999999996      -0.59680000000000000     
 -0.90959999999999996      -0.56520000000000004     
 -0.87119999999999997      -0.54159999999999997     
 -0.92640000000000000      -0.62980000000000003     
 -0.92279999999999995      -0.65720000000000001     
 -0.89920000000000000      -0.55820000000000003     
 -0.89439999999999997      -0.55359999999999998     
 -0.96960000000000002      -0.65239999999999998     
 -0.91200000000000003      -0.63119999999999998     
 -0.94599999999999995      -0.64480000000000004     
 -0.91400000000000003      -0.61240000000000006     
 -0.89439999999999997      -0.65720000000000001     
 -0.93720000000000003      -0.67920000000000003     
 -0.93920000000000003      -0.67579999999999996     
 -0.94520000000000004      -0.65780000000000005     
 -0.91159999999999997      -0.61099999999999999     
 -0.91559999999999997      -0.63839999999999997     
 -0.97280000000000000      -0.71140000000000003     
 -0.87480000000000002      -0.63119999999999998     
 -0.90280000000000005      -0.65300000000000002     
 -0.92479999999999996      -0.66400000000000003     
 -0.91639999999999999      -0.56840000000000002     
 -0.90959999999999996      -0.54979999999999996     
 -0.87039999999999995      -0.49640000000000001     
 -0.89920000000000000      -0.39800000000000002     
 -0.91720000000000002      -0.43080000000000002     
 -0.93999999999999995      -0.61699999999999999     
 -0.94399999999999995      -0.55959999999999999     
 -0.92359999999999998      -0.56540000000000001     
 -0.88400000000000001      -0.53520000000000001     
 -0.91400000000000003      -0.55079999999999996     
 -0.93679999999999997      -0.63759999999999994     
 -0.96919999999999995      -0.68640000000000001     
 -0.89280000000000004      -0.65400000000000003     
 -0.91479999999999995      -0.61599999999999999     
 -0.87600000000000000      -0.56859999999999999     
 -0.85880000000000001      -0.49120000000000003     
 -0.86480000000000001      -0.41980000000000001     
 -0.87280000000000002      -0.44619999999999999     
 -0.87960000000000005      -0.43900000000000000     
 -0.85960000000000003      -0.46539999999999998     
 -0.86040000000000005      -0.53739999999999999     
 -0.88160000000000005      -0.51000000000000001     
 -0.87400000000000000      -0.53100000000000003     
 -0.88839999999999997      -0.48320000000000002     
 -0.90039999999999998      -0.44660000000000000     
 -0.91839999999999999      -0.41760000000000003     
 -0.89159999999999995      -0.25640000000000002     
 -0.89080000000000004      -0.32319999999999999     
 -0.85760000000000003      -0.19800000000000001     
 -0.85080000000000000      -0.19639999999999999     
 -0.90759999999999996      -0.24199999999999999     
 -0.91720000000000002      -0.21500000000000000     
 -0.83879999999999999       -9.5600000000000004E-002
 -0.87680000000000002       -9.7000000000000003E-002
 -0.87280000000000002       -7.1599999999999997E-002
 -0.84680000000000000      -0.23400000000000001     
 -0.91080000000000005      -0.29899999999999999     
 -0.87280000000000002      -0.33019999999999999     
 -0.89200000000000002      -0.41720000000000002     
 -0.92120000000000002      -0.38679999999999998     
 -0.86360000000000003      -0.37140000000000001     
 -0.92359999999999998      -0.30299999999999999     
 -0.90680000000000005      -0.26900000000000002     
 -0.87519999999999998      -0.38260000000000000     
 -0.92000000000000004      -0.40420000000000000     
 -0.88480000000000003      -0.35620000000000002     
 -0.87600000000000000      -0.34820000000000001     
 -0.86439999999999995      -0.31580000000000003     
 -0.87800000000000000      -0.48999999999999999     
 -0.89000000000000001      -0.58979999999999999     
 -0.91200000000000003      -0.59980000000000000     
 -0.91959999999999997      -0.55040000000000000     
 -0.88439999999999996      -0.45560000000000000     
 -0.89400000000000002      -0.51259999999999994     
 -0.88160000000000005      -0.52980000000000005     
 -0.85719999999999996      -0.50160000000000005     
 -0.88119999999999998      -0.52180000000000004     
 -0.98519999999999996      -0.66239999999999999     
 -0.93999999999999995      -0.67359999999999998     
 -0.94920000000000004      -0.66379999999999995     
 -0.89680000000000004      -0.60599999999999998     
 -0.89239999999999997      -0.61760000000000004     
 -0.94120000000000004      -0.67600000000000005     
 -0.90480000000000005      -0.66800000000000004     
 -0.97960000000000003      -0.75019999999999998     
 -0.95799999999999996      -0.70779999999999998     
 -0.94560000000000000      -0.58760000000000001     
 -0.94040000000000001      -0.65900000000000003     
 -0.94999999999999996      -0.67900000000000005     
 -0.96399999999999997      -0.70160000000000000     
 -0.97280000000000000      -0.74019999999999997     
 -0.94720000000000004      -0.69440000000000002     
 -0.98040000000000005      -0.76539999999999997     
 -0.94079999999999997      -0.65159999999999996     
 -0.94440000000000002      -0.67600000000000005     
 -0.93999999999999995      -0.63859999999999995     
 -0.90000000000000002      -0.54440000000000000     
 -0.92279999999999995      -0.56759999999999999     
 -0.92279999999999995      -0.58799999999999997     
 -0.93479999999999996      -0.61260000000000003     
 -0.87600000000000000      -0.55900000000000005     
 -0.87119999999999997      -0.46839999999999998     
 -0.86599999999999999      -0.53879999999999995     
 -0.95840000000000003      -0.68120000000000003     
 -0.89239999999999997      -0.60140000000000005     
 -0.93040000000000000      -0.61780000000000002     
 -0.88919999999999999      -0.59519999999999995     
 -0.88239999999999996      -0.57679999999999998     
 -0.91159999999999997      -0.62339999999999995     
 -0.93040000000000000      -0.55359999999999998     
 -0.91239999999999999      -0.48020000000000002     
 -0.91559999999999997      -0.59060000000000001     
 -0.91520000000000001      -0.61919999999999997     
 -0.91800000000000004      -0.52539999999999998     
 -0.87639999999999996      -0.62300000000000000     
 -0.92320000000000002      -0.61780000000000002     
 -0.87680000000000002      -0.56379999999999997     
 -0.91479999999999995      -0.56320000000000003     
 -0.93879999999999997      -0.53959999999999997     
 -0.87919999999999998      -0.56359999999999999     
 -0.96640000000000004      -0.66759999999999997     
 -0.89639999999999997      -0.64419999999999999     
 -0.90039999999999998      -0.61719999999999997     
 -0.91520000000000001      -0.64559999999999995     
 -0.94879999999999998      -0.69540000000000002     
 -0.90920000000000001      -0.62139999999999995     
 -0.90480000000000005      -0.58320000000000005     
 -0.94520000000000004      -0.63819999999999999     
 -0.95320000000000005      -0.71640000000000004     
 -0.89959999999999996      -0.66639999999999999     
 -0.92800000000000005      -0.64500000000000002     
 -0.88839999999999997      -0.61199999999999999     
 -0.88039999999999996      -0.53380000000000005     
 -0.97480000000000000      -0.68740000000000001     
 -0.93440000000000001      -0.70279999999999998     
 -0.95560000000000000      -0.71540000000000004     
 -0.98199999999999998      -0.74260000000000004     
 -0.96999999999999997      -0.75100000000000000     
 -0.90400000000000003      -0.67859999999999998     
 -0.97240000000000004      -0.75180000000000002     
 -0.94479999999999997      -0.65820000000000001     
 -0.90239999999999998      -0.66059999999999997     
 -0.89600000000000002      -0.64280000000000004     
 -0.88919999999999999      -0.63219999999999998     
 -0.87280000000000002      -0.52780000000000005     
 -0.95479999999999998      -0.72919999999999996     
 -0.96040000000000003      -0.74080000000000001     
 -0.95679999999999998      -0.69940000000000002     
 -0.94799999999999995      -0.69979999999999998     
 -0.93559999999999999      -0.67720000000000002     
 -0.93279999999999996      -0.62519999999999998     
 -0.86160000000000003      -0.56999999999999995     
 -0.89000000000000001      -0.56659999999999999     
 -0.87719999999999998      -0.55020000000000002     
 -0.88519999999999999      -0.58560000000000001     
 -0.91639999999999999      -0.56059999999999999     
 -0.88000000000000000      -0.63800000000000001     
 -0.96640000000000004      -0.71980000000000000     
 -0.94079999999999997      -0.72460000000000002     
 -0.98760000000000003      -0.72780000000000000     
 -0.94079999999999997      -0.67479999999999996     
 -0.94399999999999995      -0.70360000000000000     
 -0.93600000000000005      -0.70960000000000001     
 -0.89000000000000001      -0.62119999999999997     
 -0.95720000000000005      -0.68540000000000001     
 -0.92040000000000000      -0.67159999999999997     
 -0.91559999999999997      -0.67640000000000000     
 -0.97119999999999995      -0.72160000000000002     
 -0.92520000000000002      -0.70540000000000003     
 -0.97199999999999998      -0.68659999999999999     
 -0.92279999999999995      -0.62280000000000002     
 -0.90559999999999996      -0.60019999999999996     
 -0.89039999999999997      -0.57279999999999998     
 -0.95279999999999998      -0.69399999999999995     
 -0.92720000000000002      -0.72019999999999995     
 -0.91439999999999999      -0.64859999999999995     
 -0.92200000000000004      -0.60119999999999996     
 -0.83960000000000001      -0.51300000000000001     
 -0.86519999999999997      -0.53539999999999999     
 -0.89520000000000000      -0.52120000000000000     
 -0.94079999999999997      -0.60980000000000001     
 -0.91439999999999999      -0.58640000000000003     
 -0.92200000000000004      -0.65180000000000005     
 -0.90759999999999996      -0.61140000000000005     
 -0.95920000000000005      -0.65339999999999998     
 -0.87119999999999997      -0.58999999999999997     
 -0.94320000000000004      -0.67679999999999996     
 -0.93279999999999996      -0.65539999999999998     
 -0.90480000000000005      -0.60640000000000005     
 -0.87680000000000002      -0.56579999999999997     
