 # Paso_MC    Energia    Magnetizacion
         100  -30178.0000       1886.00000    
         200  -30574.0000       3978.00000    
         300  -31002.0000       4612.00000    
         400  -30806.0000       5308.00000    
         500  -31062.0000       5578.00000    
         600  -30710.0000       5312.00000    
         700  -30942.0000       5748.00000    
         800  -31534.0000       6190.00000    
         900  -31158.0000       6508.00000    
        1000  -31442.0000       6612.00000    
        1100  -31450.0000       7370.00000    
        1200  -31474.0000       7606.00000    
        1300  -31434.0000       7982.00000    
        1400  -31486.0000       8180.00000    
        1500  -31558.0000       7924.00000    
        1600  -31826.0000       8702.00000    
        1700  -31778.0000       8874.00000    
        1800  -31894.0000       9218.00000    
        1900  -31750.0000       9178.00000    
        2000  -31790.0000       9168.00000    
        2100  -31830.0000       9122.00000    
        2200  -31782.0000       9146.00000    
        2300  -31802.0000       9172.00000    
        2400  -32002.0000       9226.00000    
        2500  -31686.0000       9088.00000    
        2600  -31910.0000       9242.00000    
        2700  -31622.0000       9106.00000    
        2800  -31714.0000       9142.00000    
        2900  -31874.0000       9172.00000    
        3000  -31834.0000       9172.00000    
        3100  -31662.0000       9070.00000    
        3200  -31594.0000       8994.00000    
        3300  -31554.0000       8984.00000    
        3400  -31754.0000       9144.00000    
        3500  -31634.0000       9048.00000    
        3600  -32074.0000       9206.00000    
        3700  -31902.0000       9132.00000    
        3800  -31878.0000       9186.00000    
        3900  -31770.0000       9134.00000    
        4000  -31990.0000       9232.00000    
        4100  -31822.0000       9172.00000    
        4200  -31666.0000       9104.00000    
        4300  -31910.0000       9194.00000    
        4400  -31834.0000       9116.00000    
        4500  -31466.0000       8966.00000    
        4600  -31922.0000       9180.00000    
        4700  -31886.0000       9164.00000    
        4800  -31654.0000       9112.00000    
        4900  -31710.0000       9124.00000    
        5000  -31870.0000       9152.00000    
        5100  -31702.0000       9108.00000    
        5200  -31670.0000       9126.00000    
        5300  -31858.0000       9150.00000    
        5400  -31722.0000       9082.00000    
        5500  -32134.0000       9324.00000    
        5600  -31818.0000       9162.00000    
        5700  -31630.0000       9090.00000    
        5800  -31954.0000       9158.00000    
        5900  -31966.0000       9204.00000    
        6000  -31710.0000       9180.00000    
        6100  -31750.0000       9058.00000    
        6200  -31926.0000       9148.00000    
        6300  -31610.0000       9044.00000    
        6400  -31826.0000       9126.00000    
        6500  -31870.0000       9188.00000    
        6600  -31654.0000       9108.00000    
        6700  -31906.0000       9182.00000    
        6800  -31702.0000       9100.00000    
        6900  -31534.0000       9014.00000    
        7000  -31790.0000       9124.00000    
        7100  -31946.0000       9266.00000    
        7200  -31934.0000       9198.00000    
        7300  -31622.0000       9088.00000    
        7400  -31718.0000       9116.00000    
        7500  -31850.0000       9144.00000    
        7600  -31634.0000       9098.00000    
        7700  -31778.0000       9188.00000    
        7800  -31818.0000       9096.00000    
        7900  -31662.0000       9090.00000    
        8000  -31494.0000       9012.00000    
        8100  -31450.0000       8964.00000    
        8200  -31846.0000       9216.00000    
        8300  -31810.0000       9200.00000    
        8400  -31850.0000       9176.00000    
        8500  -31834.0000       9162.00000    
        8600  -31702.0000       9088.00000    
        8700  -32094.0000       9234.00000    
        8800  -31706.0000       9122.00000    
        8900  -31738.0000       9058.00000    
        9000  -31762.0000       9136.00000    
        9100  -31766.0000       9180.00000    
        9200  -31622.0000       9052.00000    
        9300  -31574.0000       9064.00000    
        9400  -31834.0000       9154.00000    
        9500  -31778.0000       9134.00000    
        9600  -31890.0000       9168.00000    
        9700  -31914.0000       9180.00000    
        9800  -31734.0000       9154.00000    
        9900  -31894.0000       9198.00000    
       10000  -31802.0000       9074.00000    
       10100  -31790.0000       9170.00000    
       10200  -31662.0000       9090.00000    
       10300  -31734.0000       9166.00000    
       10400  -31786.0000       9128.00000    
       10500  -31806.0000       9110.00000    
       10600  -31674.0000       9130.00000    
       10700  -31746.0000       9054.00000    
       10800  -31490.0000       8982.00000    
       10900  -31722.0000       9108.00000    
       11000  -32058.0000       9262.00000    
       11100  -31518.0000       9006.00000    
       11200  -31858.0000       9214.00000    
       11300  -31722.0000       9124.00000    
       11400  -31578.0000       9060.00000    
       11500  -31634.0000       9112.00000    
       11600  -31858.0000       9192.00000    
       11700  -31714.0000       9136.00000    
       11800  -31782.0000       9084.00000    
       11900  -31562.0000       9076.00000    
       12000  -31654.0000       9094.00000    
       12100  -31606.0000       9058.00000    
       12200  -31674.0000       9114.00000    
       12300  -31782.0000       9126.00000    
       12400  -31974.0000       9154.00000    
       12500  -31866.0000       9198.00000    
       12600  -31966.0000       9244.00000    
       12700  -31762.0000       9138.00000    
       12800  -31674.0000       9094.00000    
       12900  -32150.0000       9258.00000    
       13000  -31730.0000       9124.00000    
       13100  -32022.0000       9264.00000    
       13200  -31674.0000       9130.00000    
       13300  -31854.0000       9126.00000    
       13400  -32130.0000       9302.00000    
       13500  -31542.0000       8896.00000    
       13600  -31742.0000       9048.00000    
       13700  -31486.0000       8912.00000    
       13800  -32014.0000       9248.00000    
       13900  -31974.0000       9158.00000    
       14000  -31866.0000       9206.00000    
       14100  -31958.0000       9178.00000    
       14200  -31998.0000       9206.00000    
       14300  -31294.0000       8876.00000    
       14400  -31578.0000       9014.00000    
       14500  -31570.0000       9038.00000    
       14600  -31682.0000       9146.00000    
       14700  -31770.0000       9106.00000    
       14800  -31650.0000       9038.00000    
       14900  -31678.0000       9072.00000    
       15000  -31774.0000       9108.00000    
       15100  -32050.0000       9240.00000    
       15200  -31962.0000       9194.00000    
       15300  -31926.0000       9184.00000    
       15400  -31834.0000       9114.00000    
       15500  -31722.0000       9148.00000    
       15600  -31798.0000       9110.00000    
       15700  -31526.0000       8978.00000    
       15800  -31690.0000       9138.00000    
       15900  -31582.0000       9014.00000    
       16000  -31914.0000       9198.00000    
       16100  -31954.0000       9258.00000    
       16200  -31806.0000       9166.00000    
       16300  -31838.0000       9170.00000    
       16400  -31838.0000       9156.00000    
       16500  -31886.0000       9190.00000    
       16600  -31750.0000       9176.00000    
       16700  -31634.0000       9086.00000    
       16800  -31962.0000       9220.00000    
       16900  -31570.0000       9072.00000    
       17000  -31846.0000       9112.00000    
       17100  -31926.0000       9150.00000    
       17200  -31766.0000       9150.00000    
       17300  -31770.0000       9112.00000    
       17400  -31806.0000       9146.00000    
       17500  -31850.0000       9144.00000    
       17600  -31714.0000       9134.00000    
       17700  -31942.0000       9140.00000    
       17800  -31426.0000       8948.00000    
       17900  -31634.0000       9008.00000    
       18000  -31426.0000       9024.00000    
       18100  -31814.0000       9086.00000    
       18200  -31634.0000       9052.00000    
       18300  -31762.0000       9072.00000    
       18400  -31910.0000       9236.00000    
       18500  -31738.0000       9050.00000    
       18600  -31886.0000       9242.00000    
       18700  -31490.0000       8974.00000    
       18800  -31410.0000       8914.00000    
       18900  -31486.0000       9024.00000    
       19000  -31854.0000       9150.00000    
       19100  -31922.0000       9164.00000    
       19200  -31654.0000       9120.00000    
       19300  -31630.0000       9126.00000    
       19400  -31654.0000       9104.00000    
       19500  -31574.0000       9130.00000    
       19600  -31794.0000       9146.00000    
       19700  -31734.0000       9138.00000    
       19800  -31362.0000       8920.00000    
       19900  -31742.0000       9186.00000    
       20000  -31702.0000       9158.00000    
       20100  -31574.0000       9044.00000    
       20200  -31794.0000       9136.00000    
       20300  -31822.0000       9142.00000    
       20400  -31558.0000       9052.00000    
       20500  -31882.0000       9182.00000    
       20600  -31686.0000       9118.00000    
       20700  -31830.0000       9210.00000    
       20800  -31574.0000       9038.00000    
       20900  -31442.0000       9068.00000    
       21000  -31870.0000       9150.00000    
       21100  -31754.0000       9110.00000    
       21200  -31770.0000       9104.00000    
       21300  -32134.0000       9266.00000    
       21400  -31918.0000       9242.00000    
       21500  -31882.0000       9168.00000    
       21600  -31722.0000       9146.00000    
       21700  -31718.0000       9092.00000    
       21800  -31962.0000       9206.00000    
       21900  -31706.0000       9042.00000    
       22000  -31894.0000       9176.00000    
       22100  -31926.0000       9222.00000    
       22200  -31842.0000       9138.00000    
       22300  -31878.0000       9172.00000    
       22400  -31670.0000       9166.00000    
       22500  -31486.0000       8982.00000    
       22600  -31722.0000       9080.00000    
       22700  -31798.0000       9168.00000    
       22800  -31414.0000       8986.00000    
       22900  -31794.0000       9160.00000    
       23000  -31414.0000       9002.00000    
       23100  -31774.0000       9138.00000    
       23200  -31778.0000       9076.00000    
       23300  -31734.0000       9126.00000    
       23400  -31694.0000       9126.00000    
       23500  -31782.0000       9068.00000    
       23600  -31666.0000       9068.00000    
       23700  -31606.0000       9102.00000    
       23800  -31558.0000       9070.00000    
       23900  -31690.0000       9054.00000    
       24000  -31650.0000       9088.00000    
       24100  -31826.0000       9098.00000    
       24200  -31858.0000       9212.00000    
       24300  -31686.0000       9080.00000    
       24400  -31738.0000       9118.00000    
       24500  -31818.0000       9122.00000    
       24600  -31846.0000       9124.00000    
       24700  -31806.0000       9192.00000    
       24800  -31686.0000       9030.00000    
       24900  -31930.0000       9180.00000    
       25000  -31818.0000       9102.00000    
       25100  -31858.0000       9152.00000    
       25200  -31834.0000       9184.00000    
       25300  -31794.0000       9180.00000    
       25400  -31570.0000       9010.00000    
       25500  -31846.0000       9110.00000    
       25600  -31850.0000       9156.00000    
       25700  -31790.0000       9112.00000    
       25800  -32066.0000       9280.00000    
       25900  -31854.0000       9162.00000    
       26000  -31830.0000       9010.00000    
       26100  -31582.0000       8954.00000    
       26200  -31594.0000       9060.00000    
       26300  -31978.0000       9212.00000    
       26400  -31838.0000       9134.00000    
       26500  -31762.0000       9144.00000    
       26600  -31754.0000       9172.00000    
       26700  -31618.0000       8996.00000    
       26800  -31966.0000       9192.00000    
       26900  -32046.0000       9262.00000    
       27000  -32078.0000       9258.00000    
       27100  -31794.0000       9174.00000    
       27200  -31842.0000       9104.00000    
       27300  -31590.0000       9054.00000    
       27400  -31634.0000       9072.00000    
       27500  -31686.0000       9060.00000    
       27600  -31490.0000       9030.00000    
       27700  -31578.0000       9084.00000    
       27800  -32038.0000       9236.00000    
       27900  -31766.0000       9144.00000    
       28000  -31842.0000       9228.00000    
       28100  -31878.0000       9112.00000    
       28200  -31890.0000       9214.00000    
       28300  -31750.0000       9090.00000    
       28400  -31702.0000       9122.00000    
       28500  -31674.0000       9128.00000    
       28600  -31730.0000       9156.00000    
       28700  -32034.0000       9258.00000    
       28800  -31690.0000       9074.00000    
       28900  -31606.0000       9074.00000    
       29000  -31926.0000       9248.00000    
       29100  -31918.0000       9122.00000    
       29200  -31830.0000       9130.00000    
       29300  -31738.0000       9070.00000    
       29400  -31406.0000       8982.00000    
       29500  -31478.0000       9052.00000    
       29600  -31454.0000       9016.00000    
       29700  -31702.0000       8850.00000    
       29800  -31814.0000       9180.00000    
       29900  -31702.0000       9094.00000    
       30000  -31130.0000       8780.00000    
       30100  -31818.0000       9172.00000    
       30200  -31710.0000       9130.00000    
       30300  -31782.0000       9104.00000    
       30400  -31726.0000       9156.00000    
       30500  -31766.0000       9072.00000    
       30600  -31746.0000       9134.00000    
       30700  -31790.0000       9136.00000    
       30800  -31658.0000       9098.00000    
       30900  -31842.0000       9230.00000    
       31000  -32018.0000       9232.00000    
       31100  -31470.0000       8968.00000    
       31200  -31910.0000       9162.00000    
       31300  -32030.0000       9224.00000    
       31400  -31886.0000       9194.00000    
       31500  -31978.0000       9242.00000    
       31600  -31490.0000       8934.00000    
       31700  -31910.0000       9194.00000    
       31800  -31670.0000       9016.00000    
       31900  -31674.0000       9036.00000    
       32000  -31954.0000       9188.00000    
       32100  -31838.0000       9154.00000    
       32200  -31830.0000       9164.00000    
       32300  -31874.0000       9190.00000    
       32400  -31786.0000       9164.00000    
       32500  -31298.0000       8966.00000    
       32600  -31422.0000       8976.00000    
       32700  -31666.0000       9128.00000    
       32800  -31782.0000       9060.00000    
       32900  -31798.0000       9158.00000    
       33000  -31886.0000       9206.00000    
       33100  -31766.0000       9192.00000    
       33200  -31850.0000       9186.00000    
       33300  -31550.0000       9028.00000    
       33400  -31942.0000       9246.00000    
       33500  -31686.0000       9016.00000    
       33600  -31666.0000       9086.00000    
       33700  -31542.0000       9078.00000    
       33800  -31706.0000       9118.00000    
       33900  -31626.0000       9048.00000    
       34000  -31606.0000       9056.00000    
       34100  -31638.0000       8988.00000    
       34200  -31714.0000       9124.00000    
       34300  -31798.0000       9204.00000    
       34400  -31706.0000       9108.00000    
       34500  -31766.0000       9114.00000    
       34600  -31878.0000       9180.00000    
       34700  -31926.0000       9240.00000    
       34800  -32094.0000       9296.00000    
       34900  -31742.0000       9166.00000    
       35000  -31470.0000       9012.00000    
       35100  -31810.0000       9150.00000    
       35200  -31550.0000       9096.00000    
       35300  -32018.0000       9228.00000    
       35400  -31734.0000       9124.00000    
       35500  -31830.0000       9210.00000    
       35600  -31702.0000       9088.00000    
       35700  -31694.0000       9126.00000    
       35800  -31578.0000       9096.00000    
       35900  -31982.0000       9206.00000    
       36000  -31762.0000       9088.00000    
       36100  -31826.0000       9190.00000    
       36200  -31566.0000       8980.00000    
       36300  -31642.0000       9068.00000    
       36400  -31910.0000       9118.00000    
       36500  -31538.0000       9028.00000    
       36600  -31554.0000       8950.00000    
       36700  -31906.0000       9210.00000    
       36800  -31574.0000       9054.00000    
       36900  -31930.0000       9218.00000    
       37000  -31398.0000       9028.00000    
       37100  -31690.0000       9092.00000    
       37200  -31502.0000       8972.00000    
       37300  -31282.0000       8920.00000    
       37400  -31990.0000       9260.00000    
       37500  -31998.0000       9256.00000    
       37600  -32042.0000       9274.00000    
       37700  -32002.0000       9230.00000    
       37800  -31494.0000       9036.00000    
       37900  -31942.0000       9238.00000    
       38000  -31910.0000       9160.00000    
       38100  -31974.0000       9146.00000    
       38200  -32026.0000       9244.00000    
       38300  -31726.0000       9092.00000    
       38400  -31614.0000       9094.00000    
       38500  -31354.0000       8924.00000    
       38600  -31842.0000       9168.00000    
       38700  -31766.0000       9100.00000    
       38800  -31826.0000       9134.00000    
       38900  -31922.0000       9134.00000    
       39000  -31458.0000       9050.00000    
       39100  -32002.0000       9252.00000    
       39200  -31470.0000       8960.00000    
       39300  -31770.0000       9122.00000    
       39400  -31806.0000       9080.00000    
       39500  -31910.0000       9192.00000    
       39600  -31910.0000       9206.00000    
       39700  -31646.0000       9090.00000    
       39800  -31794.0000       9130.00000    
       39900  -31738.0000       9100.00000    
       40000  -31938.0000       9180.00000    
       40100  -31802.0000       9190.00000    
       40200  -31742.0000       9098.00000    
       40300  -31682.0000       9046.00000    
       40400  -31642.0000       9048.00000    
       40500  -31862.0000       9158.00000    
       40600  -31714.0000       9114.00000    
       40700  -31498.0000       9014.00000    
       40800  -31750.0000       9182.00000    
       40900  -31882.0000       9158.00000    
       41000  -31814.0000       9124.00000    
       41100  -31838.0000       9220.00000    
       41200  -31786.0000       9118.00000    
       41300  -32042.0000       9280.00000    
       41400  -31602.0000       9080.00000    
       41500  -32138.0000       9256.00000    
       41600  -31574.0000       8848.00000    
       41700  -31538.0000       9032.00000    
       41800  -31822.0000       9116.00000    
       41900  -31686.0000       9064.00000    
       42000  -31666.0000       9140.00000    
       42100  -31930.0000       9184.00000    
       42200  -31642.0000       9106.00000    
       42300  -31614.0000       8956.00000    
       42400  -31626.0000       9044.00000    
       42500  -32090.0000       9250.00000    
       42600  -31914.0000       9234.00000    
       42700  -31626.0000       9062.00000    
       42800  -32110.0000       9252.00000    
       42900  -31986.0000       9252.00000    
       43000  -31490.0000       9000.00000    
       43100  -31850.0000       9122.00000    
       43200  -32022.0000       9254.00000    
       43300  -31738.0000       9066.00000    
       43400  -32078.0000       9318.00000    
       43500  -31722.0000       9114.00000    
       43600  -31922.0000       9214.00000    
       43700  -31702.0000       8976.00000    
       43800  -31602.0000       8998.00000    
       43900  -31782.0000       9124.00000    
       44000  -31754.0000       9098.00000    
       44100  -31550.0000       9006.00000    
       44200  -31582.0000       9070.00000    
       44300  -31778.0000       9142.00000    
       44400  -31374.0000       8896.00000    
       44500  -31606.0000       9076.00000    
       44600  -31702.0000       9152.00000    
       44700  -31566.0000       9030.00000    
       44800  -31650.0000       9084.00000    
       44900  -31554.0000       9064.00000    
       45000  -31814.0000       9176.00000    
       45100  -31642.0000       9094.00000    
       45200  -31346.0000       9034.00000    
       45300  -31566.0000       9034.00000    
       45400  -31718.0000       9136.00000    
       45500  -31706.0000       9114.00000    
       45600  -31470.0000       8986.00000    
       45700  -31730.0000       9108.00000    
       45800  -31810.0000       9156.00000    
       45900  -31806.0000       9204.00000    
       46000  -31702.0000       9002.00000    
       46100  -32150.0000       9334.00000    
       46200  -31586.0000       9134.00000    
       46300  -31714.0000       9014.00000    
       46400  -31834.0000       9188.00000    
       46500  -31822.0000       9160.00000    
       46600  -31806.0000       9156.00000    
       46700  -31758.0000       9130.00000    
       46800  -31590.0000       9002.00000    
       46900  -31598.0000       9082.00000    
       47000  -31626.0000       9060.00000    
       47100  -31966.0000       9110.00000    
       47200  -31814.0000       9142.00000    
       47300  -31610.0000       9112.00000    
       47400  -31818.0000       9172.00000    
       47500  -31730.0000       9094.00000    
       47600  -31934.0000       9226.00000    
       47700  -31922.0000       9202.00000    
       47800  -31710.0000       9116.00000    
       47900  -31722.0000       9108.00000    
       48000  -31638.0000       9100.00000    
       48100  -31866.0000       9138.00000    
       48200  -31670.0000       9086.00000    
       48300  -31922.0000       9204.00000    
       48400  -31522.0000       9072.00000    
       48500  -31718.0000       9158.00000    
       48600  -31562.0000       9078.00000    
       48700  -31778.0000       9106.00000    
       48800  -31490.0000       9024.00000    
       48900  -31762.0000       9102.00000    
       49000  -31678.0000       9138.00000    
       49100  -31726.0000       9150.00000    
       49200  -31978.0000       9246.00000    
       49300  -31934.0000       9168.00000    
       49400  -31566.0000       9002.00000    
       49500  -31306.0000       8870.00000    
       49600  -31950.0000       9232.00000    
       49700  -31638.0000       9030.00000    
       49800  -31494.0000       9088.00000    
       49900  -31782.0000       9160.00000    
       50000  -31810.0000       9134.00000    
       50100  -31546.0000       9068.00000    
       50200  -31618.0000       8984.00000    
       50300  -31842.0000       9208.00000    
       50400  -31702.0000       9046.00000    
       50500  -31854.0000       9120.00000    
       50600  -31818.0000       9168.00000    
       50700  -31502.0000       8934.00000    
       50800  -31694.0000       9076.00000    
       50900  -31778.0000       9090.00000    
       51000  -31866.0000       9130.00000    
       51100  -31918.0000       9214.00000    
       51200  -31654.0000       8930.00000    
       51300  -31714.0000       9078.00000    
       51400  -31582.0000       9056.00000    
       51500  -31950.0000       9214.00000    
       51600  -31770.0000       9138.00000    
       51700  -31690.0000       9062.00000    
       51800  -31830.0000       9104.00000    
       51900  -31646.0000       9064.00000    
       52000  -31638.0000       9026.00000    
       52100  -31710.0000       9080.00000    
       52200  -31678.0000       9096.00000    
       52300  -31770.0000       9060.00000    
       52400  -31342.0000       8870.00000    
       52500  -31862.0000       9144.00000    
       52600  -31814.0000       9180.00000    
       52700  -31666.0000       9158.00000    
       52800  -32202.0000       9238.00000    
       52900  -31910.0000       9220.00000    
       53000  -31858.0000       9138.00000    
       53100  -31570.0000       9050.00000    
       53200  -31958.0000       9180.00000    
       53300  -31730.0000       9100.00000    
       53400  -31798.0000       9132.00000    
       53500  -31378.0000       8978.00000    
       53600  -31650.0000       9104.00000    
       53700  -31570.0000       9066.00000    
       53800  -31778.0000       9094.00000    
       53900  -31758.0000       9042.00000    
       54000  -31790.0000       9150.00000    
       54100  -31818.0000       9114.00000    
       54200  -31758.0000       9118.00000    
       54300  -31910.0000       9202.00000    
       54400  -32094.0000       9268.00000    
       54500  -31602.0000       9030.00000    
       54600  -31482.0000       8980.00000    
       54700  -31826.0000       9150.00000    
       54800  -31758.0000       9084.00000    
       54900  -31994.0000       9242.00000    
       55000  -31634.0000       9144.00000    
       55100  -31778.0000       9128.00000    
       55200  -31794.0000       9124.00000    
       55300  -31990.0000       9252.00000    
       55400  -31790.0000       9126.00000    
       55500  -31894.0000       9164.00000    
       55600  -31986.0000       9270.00000    
       55700  -31530.0000       9034.00000    
       55800  -31682.0000       9116.00000    
       55900  -31634.0000       9098.00000    
       56000  -31634.0000       9028.00000    
       56100  -31718.0000       9122.00000    
       56200  -31786.0000       9126.00000    
       56300  -31838.0000       9128.00000    
       56400  -31826.0000       9148.00000    
       56500  -32030.0000       9276.00000    
       56600  -31938.0000       9202.00000    
       56700  -31722.0000       9116.00000    
       56800  -31994.0000       9200.00000    
       56900  -31646.0000       9022.00000    
       57000  -32146.0000       9296.00000    
       57100  -31686.0000       9102.00000    
       57200  -31770.0000       9068.00000    
       57300  -31478.0000       8960.00000    
       57400  -31774.0000       9136.00000    
       57500  -31898.0000       9208.00000    
       57600  -31654.0000       9084.00000    
       57700  -31406.0000       8986.00000    
       57800  -32002.0000       9226.00000    
       57900  -31818.0000       9178.00000    
       58000  -31854.0000       9144.00000    
       58100  -31770.0000       9166.00000    
       58200  -31734.0000       9132.00000    
       58300  -31946.0000       9228.00000    
       58400  -31758.0000       9094.00000    
       58500  -31954.0000       9180.00000    
       58600  -31638.0000       9102.00000    
       58700  -32038.0000       9238.00000    
       58800  -31378.0000       8984.00000    
       58900  -31766.0000       9116.00000    
       59000  -31694.0000       9088.00000    
       59100  -31686.0000       9036.00000    
       59200  -31718.0000       9104.00000    
       59300  -31502.0000       8996.00000    
       59400  -31862.0000       9216.00000    
       59500  -31754.0000       9058.00000    
       59600  -31962.0000       9200.00000    
       59700  -31882.0000       9146.00000    
       59800  -31770.0000       9052.00000    
       59900  -31738.0000       9176.00000    
       60000  -31838.0000       9128.00000    
       60100  -31566.0000       9082.00000    
       60200  -31810.0000       9136.00000    
       60300  -31778.0000       9156.00000    
       60400  -31782.0000       9046.00000    
       60500  -31702.0000       9088.00000    
       60600  -31494.0000       9002.00000    
       60700  -31570.0000       8996.00000    
       60800  -31506.0000       8978.00000    
       60900  -31574.0000       9056.00000    
       61000  -31510.0000       9006.00000    
       61100  -31818.0000       9208.00000    
       61200  -31746.0000       9016.00000    
       61300  -31902.0000       9244.00000    
       61400  -31770.0000       9084.00000    
       61500  -31662.0000       9098.00000    
       61600  -31902.0000       9150.00000    
       61700  -31694.0000       9116.00000    
       61800  -31770.0000       9146.00000    
       61900  -31806.0000       9198.00000    
       62000  -31830.0000       9156.00000    
       62100  -32034.0000       9180.00000    
       62200  -31594.0000       9010.00000    
       62300  -31754.0000       9154.00000    
       62400  -31910.0000       9148.00000    
       62500  -31882.0000       9158.00000    
       62600  -31534.0000       8998.00000    
       62700  -31766.0000       9178.00000    
       62800  -31734.0000       9160.00000    
       62900  -31710.0000       9122.00000    
       63000  -31938.0000       9244.00000    
       63100  -31602.0000       9104.00000    
       63200  -31894.0000       9228.00000    
       63300  -31874.0000       9174.00000    
       63400  -31658.0000       9050.00000    
       63500  -31890.0000       9196.00000    
       63600  -31646.0000       9006.00000    
       63700  -31486.0000       9060.00000    
       63800  -31670.0000       9120.00000    
       63900  -31746.0000       9092.00000    
       64000  -31414.0000       9028.00000    
       64100  -31838.0000       9206.00000    
       64200  -31806.0000       9130.00000    
       64300  -31870.0000       9118.00000    
       64400  -31818.0000       9038.00000    
       64500  -31518.0000       9008.00000    
       64600  -31566.0000       9052.00000    
       64700  -31786.0000       9104.00000    
       64800  -31830.0000       9162.00000    
       64900  -31714.0000       9112.00000    
       65000  -31602.0000       9136.00000    
       65100  -32306.0000       9328.00000    
       65200  -31530.0000       8956.00000    
       65300  -31786.0000       9034.00000    
       65400  -31878.0000       9178.00000    
       65500  -31630.0000       9044.00000    
       65600  -31694.0000       9138.00000    
       65700  -31854.0000       9176.00000    
       65800  -31954.0000       9234.00000    
       65900  -31650.0000       9102.00000    
       66000  -31766.0000       9138.00000    
       66100  -31954.0000       9202.00000    
       66200  -31550.0000       9064.00000    
       66300  -31690.0000       9124.00000    
       66400  -31686.0000       9094.00000    
       66500  -31674.0000       9070.00000    
       66600  -31526.0000       9002.00000    
       66700  -31634.0000       9116.00000    
       66800  -32010.0000       9200.00000    
       66900  -31730.0000       9110.00000    
       67000  -31710.0000       9090.00000    
       67100  -31766.0000       9174.00000    
       67200  -31710.0000       9114.00000    
       67300  -32034.0000       9224.00000    
       67400  -31498.0000       8986.00000    
       67500  -31838.0000       9180.00000    
       67600  -31738.0000       9136.00000    
       67700  -31818.0000       9166.00000    
       67800  -31926.0000       9230.00000    
       67900  -31726.0000       9110.00000    
       68000  -31454.0000       9002.00000    
       68100  -31614.0000       9000.00000    
       68200  -32006.0000       9202.00000    
       68300  -31494.0000       9056.00000    
       68400  -31694.0000       9094.00000    
       68500  -31550.0000       9070.00000    
       68600  -31658.0000       9090.00000    
       68700  -31702.0000       9132.00000    
       68800  -31614.0000       9058.00000    
       68900  -31750.0000       9050.00000    
       69000  -31722.0000       9030.00000    
       69100  -31682.0000       8980.00000    
       69200  -31750.0000       9142.00000    
       69300  -31770.0000       9128.00000    
       69400  -32010.0000       9188.00000    
       69500  -31718.0000       9116.00000    
       69600  -31530.0000       9062.00000    
       69700  -31654.0000       9038.00000    
       69800  -31738.0000       9134.00000    
       69900  -31554.0000       9028.00000    
       70000  -31578.0000       9050.00000    
       70100  -31866.0000       9154.00000    
       70200  -31722.0000       9156.00000    
       70300  -31998.0000       9232.00000    
       70400  -31862.0000       9174.00000    
       70500  -31566.0000       9042.00000    
       70600  -31650.0000       9160.00000    
       70700  -31530.0000       8958.00000    
       70800  -31758.0000       9130.00000    
       70900  -31682.0000       9098.00000    
       71000  -31682.0000       9086.00000    
       71100  -31902.0000       9248.00000    
       71200  -31338.0000       8956.00000    
       71300  -31582.0000       8958.00000    
       71400  -31614.0000       9048.00000    
       71500  -31794.0000       9122.00000    
       71600  -31710.0000       9156.00000    
       71700  -31986.0000       9232.00000    
       71800  -31666.0000       9100.00000    
       71900  -32166.0000       9324.00000    
       72000  -31810.0000       9124.00000    
       72100  -31694.0000       8978.00000    
       72200  -31582.0000       9092.00000    
       72300  -31454.0000       9014.00000    
       72400  -31570.0000       9040.00000    
       72500  -31794.0000       9136.00000    
       72600  -31786.0000       9128.00000    
       72700  -31738.0000       9092.00000    
       72800  -31978.0000       9258.00000    
       72900  -31658.0000       9098.00000    
       73000  -31270.0000       8938.00000    
       73100  -31894.0000       9194.00000    
       73200  -32010.0000       9266.00000    
       73300  -31666.0000       9080.00000    
       73400  -31294.0000       8876.00000    
       73500  -31490.0000       8980.00000    
       73600  -31462.0000       8984.00000    
       73700  -31614.0000       9098.00000    
       73800  -31678.0000       8974.00000    
       73900  -31374.0000       9020.00000    
       74000  -31726.0000       9140.00000    
       74100  -31654.0000       9120.00000    
       74200  -31622.0000       9140.00000    
       74300  -31810.0000       9218.00000    
       74400  -31482.0000       8954.00000    
       74500  -31674.0000       9030.00000    
       74600  -31590.0000       9002.00000    
       74700  -31554.0000       9054.00000    
       74800  -31778.0000       9122.00000    
       74900  -31714.0000       9106.00000    
       75000  -31686.0000       9096.00000    
       75100  -31938.0000       9200.00000    
       75200  -31862.0000       9168.00000    
       75300  -31898.0000       9144.00000    
       75400  -31834.0000       9118.00000    
       75500  -31670.0000       9112.00000    
       75600  -31518.0000       8962.00000    
       75700  -31666.0000       9142.00000    
       75800  -31998.0000       9250.00000    
       75900  -31894.0000       9186.00000    
       76000  -31738.0000       9122.00000    
       76100  -31546.0000       9052.00000    
       76200  -31410.0000       9070.00000    
       76300  -32070.0000       9222.00000    
       76400  -31718.0000       9138.00000    
       76500  -31706.0000       9068.00000    
       76600  -31830.0000       9166.00000    
       76700  -31866.0000       9200.00000    
       76800  -31498.0000       8918.00000    
       76900  -31546.0000       8990.00000    
       77000  -31858.0000       9152.00000    
       77100  -31498.0000       8966.00000    
       77200  -31818.0000       9130.00000    
       77300  -31618.0000       9062.00000    
       77400  -31626.0000       9110.00000    
       77500  -31646.0000       9086.00000    
       77600  -31634.0000       9110.00000    
       77700  -31922.0000       9234.00000    
       77800  -32002.0000       9240.00000    
       77900  -31386.0000       9022.00000    
       78000  -31898.0000       9202.00000    
       78100  -31610.0000       9072.00000    
       78200  -31610.0000       9076.00000    
       78300  -31882.0000       9216.00000    
       78400  -31750.0000       9134.00000    
       78500  -31866.0000       9200.00000    
       78600  -31726.0000       9102.00000    
       78700  -31970.0000       9232.00000    
       78800  -31698.0000       9110.00000    
       78900  -31678.0000       9124.00000    
       79000  -31750.0000       9160.00000    
       79100  -31598.0000       9078.00000    
       79200  -31774.0000       9076.00000    
       79300  -31678.0000       9176.00000    
       79400  -31706.0000       9076.00000    
       79500  -31530.0000       8980.00000    
       79600  -31898.0000       9186.00000    
       79700  -31926.0000       9230.00000    
       79800  -31950.0000       9214.00000    
       79900  -31926.0000       9248.00000    
       80000  -31266.0000       8726.00000    
       80100  -31634.0000       9030.00000    
       80200  -31706.0000       9144.00000    
       80300  -31882.0000       9206.00000    
       80400  -31402.0000       8974.00000    
       80500  -31438.0000       8956.00000    
       80600  -31754.0000       9154.00000    
       80700  -31746.0000       9098.00000    
       80800  -31826.0000       9164.00000    
       80900  -31638.0000       9066.00000    
       81000  -31518.0000       9024.00000    
       81100  -31302.0000       8812.00000    
       81200  -31730.0000       9052.00000    
       81300  -31634.0000       8974.00000    
       81400  -32086.0000       9238.00000    
       81500  -31910.0000       9192.00000    
       81600  -31890.0000       9204.00000    
       81700  -31734.0000       9130.00000    
       81800  -31806.0000       9152.00000    
       81900  -31778.0000       9190.00000    
       82000  -31618.0000       9058.00000    
       82100  -31670.0000       9090.00000    
       82200  -31842.0000       9160.00000    
       82300  -31522.0000       8966.00000    
       82400  -31966.0000       9222.00000    
       82500  -31558.0000       9048.00000    
       82600  -31734.0000       9096.00000    
       82700  -31862.0000       9160.00000    
       82800  -31782.0000       9122.00000    
       82900  -31994.0000       9256.00000    
       83000  -31786.0000       9002.00000    
       83100  -31818.0000       9146.00000    
       83200  -31474.0000       9018.00000    
       83300  -31850.0000       9118.00000    
       83400  -31338.0000       8868.00000    
       83500  -31742.0000       9158.00000    
       83600  -31718.0000       9046.00000    
       83700  -31730.0000       9150.00000    
       83800  -31634.0000       9060.00000    
       83900  -31750.0000       9094.00000    
       84000  -32290.0000       9302.00000    
       84100  -31466.0000       8980.00000    
       84200  -31834.0000       9202.00000    
       84300  -31630.0000       9086.00000    
       84400  -31802.0000       9140.00000    
       84500  -31682.0000       9112.00000    
       84600  -31654.0000       9094.00000    
       84700  -31866.0000       9106.00000    
       84800  -31582.0000       9066.00000    
       84900  -31754.0000       9168.00000    
       85000  -31770.0000       9078.00000    
       85100  -32370.0000       9386.00000    
       85200  -31874.0000       9180.00000    
       85300  -31842.0000       9152.00000    
       85400  -31686.0000       9126.00000    
       85500  -31898.0000       9130.00000    
       85600  -31706.0000       9140.00000    
       85700  -31502.0000       8960.00000    
       85800  -31502.0000       8974.00000    
       85900  -31734.0000       9144.00000    
       86000  -31978.0000       9214.00000    
       86100  -31782.0000       9100.00000    
       86200  -31586.0000       9078.00000    
       86300  -31858.0000       9154.00000    
       86400  -31746.0000       9000.00000    
       86500  -31534.0000       8996.00000    
       86600  -31626.0000       9122.00000    
       86700  -31682.0000       9052.00000    
       86800  -31574.0000       9092.00000    
       86900  -32050.0000       9244.00000    
       87000  -31906.0000       9222.00000    
       87100  -31566.0000       9014.00000    
       87200  -31662.0000       9106.00000    
       87300  -31786.0000       9130.00000    
       87400  -31738.0000       9154.00000    
       87500  -31522.0000       9036.00000    
       87600  -31714.0000       9078.00000    
       87700  -31750.0000       9110.00000    
       87800  -31750.0000       9108.00000    
       87900  -31870.0000       9176.00000    
       88000  -31806.0000       9040.00000    
       88100  -31506.0000       9010.00000    
       88200  -31378.0000       8930.00000    
       88300  -31674.0000       9110.00000    
       88400  -31670.0000       9124.00000    
       88500  -31914.0000       9200.00000    
       88600  -31502.0000       8976.00000    
       88700  -31774.0000       9062.00000    
       88800  -31810.0000       9158.00000    
       88900  -31634.0000       9098.00000    
       89000  -31518.0000       8930.00000    
       89100  -31654.0000       9092.00000    
       89200  -31934.0000       9194.00000    
       89300  -31806.0000       9220.00000    
       89400  -31758.0000       9138.00000    
       89500  -31738.0000       9068.00000    
       89600  -31778.0000       9132.00000    
       89700  -31578.0000       9034.00000    
       89800  -31586.0000       9072.00000    
       89900  -31566.0000       9062.00000    
       90000  -32046.0000       9214.00000    
       90100  -31922.0000       9194.00000    
       90200  -31622.0000       9038.00000    
       90300  -31674.0000       9056.00000    
       90400  -31690.0000       9144.00000    
       90500  -31774.0000       9114.00000    
       90600  -32014.0000       9270.00000    
       90700  -31802.0000       9196.00000    
       90800  -31574.0000       9002.00000    
       90900  -31714.0000       9160.00000    
       91000  -31610.0000       9064.00000    
       91100  -31986.0000       9258.00000    
       91200  -31942.0000       9244.00000    
       91300  -31894.0000       9200.00000    
       91400  -31686.0000       9044.00000    
       91500  -31814.0000       9168.00000    
       91600  -31670.0000       9062.00000    
       91700  -32010.0000       9226.00000    
       91800  -31906.0000       9232.00000    
       91900  -31858.0000       9190.00000    
       92000  -31842.0000       9162.00000    
       92100  -31790.0000       9192.00000    
       92200  -31822.0000       9148.00000    
       92300  -31878.0000       9218.00000    
       92400  -31826.0000       9184.00000    
       92500  -31922.0000       9204.00000    
       92600  -31706.0000       9080.00000    
       92700  -31910.0000       9212.00000    
       92800  -31658.0000       9034.00000    
       92900  -31690.0000       9068.00000    
       93000  -31810.0000       9146.00000    
       93100  -31706.0000       9106.00000    
       93200  -31774.0000       9160.00000    
       93300  -31430.0000       9028.00000    
       93400  -31682.0000       9114.00000    
       93500  -31646.0000       9074.00000    
       93600  -31714.0000       9086.00000    
       93700  -31670.0000       9134.00000    
       93800  -31998.0000       9238.00000    
       93900  -32022.0000       9250.00000    
       94000  -31450.0000       8888.00000    
       94100  -31698.0000       9154.00000    
       94200  -31922.0000       9194.00000    
       94300  -31570.0000       9080.00000    
       94400  -32070.0000       9268.00000    
       94500  -31598.0000       9020.00000    
       94600  -31798.0000       9108.00000    
       94700  -31962.0000       9226.00000    
       94800  -31022.0000       8760.00000    
       94900  -31722.0000       9102.00000    
       95000  -31698.0000       9112.00000    
       95100  -31934.0000       9208.00000    
       95200  -31894.0000       9216.00000    
       95300  -31582.0000       9064.00000    
       95400  -31626.0000       9070.00000    
       95500  -31810.0000       9190.00000    
       95600  -31726.0000       9144.00000    
       95700  -31678.0000       9144.00000    
       95800  -31662.0000       8966.00000    
       95900  -31822.0000       9126.00000    
       96000  -31266.0000       8892.00000    
       96100  -31770.0000       9120.00000    
       96200  -31534.0000       8992.00000    
       96300  -31610.0000       9066.00000    
       96400  -31934.0000       9236.00000    
       96500  -31930.0000       9242.00000    
       96600  -31502.0000       8860.00000    
       96700  -31374.0000       9044.00000    
       96800  -31806.0000       9114.00000    
       96900  -31702.0000       9126.00000    
       97000  -31806.0000       9200.00000    
       97100  -31482.0000       9042.00000    
       97200  -31506.0000       8952.00000    
       97300  -31562.0000       9058.00000    
       97400  -31750.0000       9096.00000    
       97500  -31518.0000       9034.00000    
       97600  -31838.0000       9188.00000    
       97700  -31666.0000       9090.00000    
       97800  -31746.0000       9130.00000    
       97900  -31702.0000       8998.00000    
       98000  -31842.0000       9168.00000    
       98100  -31654.0000       9078.00000    
       98200  -31762.0000       9116.00000    
       98300  -31338.0000       8978.00000    
       98400  -31806.0000       9118.00000    
       98500  -31726.0000       9098.00000    
       98600  -31430.0000       8956.00000    
       98700  -31574.0000       8992.00000    
       98800  -31610.0000       9094.00000    
       98900  -31854.0000       9184.00000    
       99000  -31670.0000       9098.00000    
       99100  -31678.0000       9050.00000    
       99200  -31550.0000       8948.00000    
       99300  -31746.0000       9128.00000    
       99400  -32002.0000       9258.00000    
       99500  -31942.0000       9200.00000    
       99600  -31786.0000       9172.00000    
       99700  -31634.0000       9096.00000    
       99800  -31822.0000       9156.00000    
       99900  -31938.0000       9164.00000    
      100000  -31766.0000       9160.00000    
